enemy_color: "red"
# enemy_color: "blue"


#####-----神经网络参数-----#####
yolo_name: yolov5
classify_model: assets/tiny_resnet.onnx
yolov5_model_path: assets/0526.xml
device: CPU
min_confidence: 0.8
threshold: 0.5
use_traditional: false

#####-----ROI-----#####
roi: 
  x: 420
  y: 50
  width: 600
  height: 600

use_roi: false

# #####-----工业相机标定参数-----#####
# R_gimbal2imubody: [1, 0, 0, 0, 1, 0,  0, 0, 1]
# # 重投影误差: 0.0787px
# camera_matrix: [2365.2292710685488, 0, 717.84874030069716, 0, 2365.2595057507042, 507.10051676922996, 0, 0, 1]
# distort_coeffs: [-0.053032056252978271, 0.12304744809762919, -0.00083306525109508019, 0.00044012934474125322, 0]
# # 相机同理想情况的偏角: yaw0.56 pitch1.05 roll0.41 degree
# R_camera2gimbal: [0, 0, 1, -1, 0, 0, 0, -1, 0]
# t_camera2gimbal: [0.16, 0.047, 0]cmake -B build

#####-----工业相机标定参数-----#####
R_gimbal2imubody: [1.0, 0.0, 0.0, 0.0, 1.0, 0.0,  0.0, 0.0, 1.0]
# 重投影误差: 0.0787px
camera_matrix: [2365.2292710685488, 0.0, 717.84874030069716, 0.0, 2365.2595057507042, 507.10051676922996, 0.0, 0.0, 1.0]
distort_coeffs: [-0.053032056252978271, 0.12304744809762919, -0.00083306525109508019, 0.00044012934474125322, 0.0]
# 相机同理想情况的偏角: yaw0.56 pitch1.05 roll0.41 degree
R_camera2gimbal: [0.0, 0.0, 1.0, -1.0, 0.0, 0.0, 0.0, -1.0, 0.0]
t_camera2gimbal: [0.16, 0.047, 0.0]